2002.114985	1.30E-25	0.049	0.67	-0.002713	3579.9751	53	55
2003.667981	1.49E-22	0.046	0.67	-0.002402	2023.3715	63	65
2003.977307	8.03E-29	0.053	0.67	-0.002923	5130.7926	41	43
2006.783612	2.06E-25	0.05	0.67	-0.002762	3477.5851	51	53
2008.421529	1.13E-28	0.054	0.67	-0.002937	5051.7432	39	41
2008.525448	2.62E-22	0.047	0.67	-0.002473	1901.1308	61	63
2011.421043	3.20E-25	0.051	0.67	-0.002805	3378.9537	49	51
2012.833683	1.55E-28	0.055	0.67	-0.002945	4976.438	37	39
2013.352446	4.51E-22	0.047	0.67	-0.002539	1782.6624	59	61
2016.027134	4.88E-25	0.051	0.67	-0.002843	3284.0846	47	49
2017.213621	2.08E-28	0.056	0.68	-0.002946	4904.8799	35	37
2018.14883	7.63E-22	0.048	0.67	-0.002602	1667.9709	57	59
2020.601738	7.30E-25	0.052	0.67	-0.002876	3192.9815	45	47
2021.561199	2.73E-28	0.057	0.69	-0.00294	4837.0717	33	35
2022.914455	1.27E-21	0.049	0.67	-0.00266	1557.0607	55	57
2025.144711	1.07E-24	0.053	0.67	-0.002902	3105.6479	43	45
2025.876269	3.52E-28	0.058	0.7	-0.002926	4773.0161	31	33
2027.649176	2.06E-21	0.049	0.67	-0.002713	1449.9359	53	55
2029.655904	1.54E-24	0.053	0.67	-0.002923	3022.0873	41	43
2030.158686	4.43E-28	0.059	0.71	-0.002904	4712.7156	29	31
2032.352848	3.28E-21	0.05	0.67	-0.002762	1346.6008	51	53
2034.135174	2.16E-24	0.054	0.67	-0.002937	2942.3028	39	41
2034.408303	5.46E-28	0.059	0.72	-0.002875	4656.1724	27	29
2037.025324	5.13E-21	0.051	0.67	-0.002805	1247.0592	49	51
2038.582374	2.98E-24	0.055	0.67	-0.002945	2866.2975	37	39
2038.624974	6.56E-28	0.06	0.73	-0.002837	4603.3889	25	27
2041.66646	7.87E-21	0.051	0.67	-0.002843	1151.315	47	49
2042.808552	7.70E-28	0.062	0.74	-0.00279	4554.367	23	25
2042.997357	4.01E-24	0.056	0.68	-0.002946	2794.0743	35	37
2046.276109	1.18E-20	0.052	0.67	-0.00284	1059.3718	45	47
2046.958891	8.81E-28	0.063	0.75	-0.002734	4509.1088	21	23
2047.379978	5.30E-24	0.057	0.69	-0.00294	2725.6361	33	35
2050.854126	1.74E-20	0.053	0.67	-0.002804	971.2332	43	45
2051.075844	9.82E-28	0.064	0.75	-0.002668	4467.6158	19	21
2051.73009	6.84E-24	0.058	0.7	-0.002926	2660.9855	31	33
2055.159265	1.06E-27	0.065	0.75	-0.002592	4429.8898	17	19
2055.400364	2.50E-20	0.053	0.67	-0.002748	886.9024	41	43
2056.047547	8.64E-24	0.059	0.71	-0.002904	2600.1249	29	31
2059.209006	1.12E-27	0.066	0.75	-0.002503	4395.9322	15	17
2059.914677	3.54E-20	0.054	0.67	-0.003		806.3828	39	41
2060.332203	1.07E-23	0.059	0.72	-0.002875	2543.0567	27	29
2063.224922	1.14E-27	0.068	0.75	-0.002401	4365.7443	13	15
2064.39692	4.89E-20	0.055	0.67	-0.0027		729.6774	37	39
2064.58391	1.29E-23	0.06	0.73	-0.002837	2489.7831	25	27
2067.206865	1.11E-27	0.069	0.74	-0.002282	4339.3274	11	13
2068.802522	1.51E-23	0.062	0.74	-0.00279	2440.3062	23	25
2068.846945	6.61E-20	0.056	0.68	-0.0033		656.7892	35	37
2071.154689	1.03E-27	0.071	0.74	-0.002142	4316.6824	9	11
2072.987893	1.73E-23	0.063	0.75	-0.002734	2394.6279	21	23
2073.264607	8.75E-20	0.057	0.69	-0.0029		587.7209	33	35
2075.068247	9.07E-28	0.074	0.74	-0.001975	4297.8102	7	9
2077.139876	1.94E-23	0.064	0.75	-0.002668	2352.7499	19	21
2077.649758	1.13E-19	0.058	0.7	-0.003		522.4751	31	33
2078.947391	7.34E-28	0.077	0.74	-0.001767	4282.7116	5	7
2081.258324	2.10E-23	0.065	0.75	-0.002592	2314.6739	17	19
2082.002253	1.44E-19	0.059	0.71	-0.0031		461.0544	29	31
2082.791976	5.18E-28	0.081	0.75	-0.001499	4271.3871	3	5
2085.34309	2.21E-23	0.066	0.75	-0.002503	2280.4012	15	17
2086.321945	1.78E-19	0.059	0.72	-0.0027		403.4612	27	29
2086.601854	2.69E-28	0.087	0.76	-0.001135	4263.8372	1	3
2089.394028	2.25E-23	0.068	0.75	-0.002401	2249.9334	13	15
2090.608687	2.15E-19	0.06	0.73	-0.0029		349.6975	25	27
2093.410991	2.20E-23	0.069	0.74	-0.002282	2223.2714	11	13
2094.116902	2.75E-28	0.087	0.76	-0.001782	4260.0622	3	1
2094.862333	2.53E-19	0.062	0.74	-0.0029		299.7656	23	25
2097.393832	2.05E-23	0.071	0.74	-0.002142	2200.4164	9	11
2097.821778	5.41E-28	0.081	0.75	-0.001908	4263.8372	5	3
2099.082735	2.91E-19	0.063	0.75	-0.003		253.6672	21	23
2101.342404	1.80E-23	0.074	0.74	-0.001975	2181.3692	7	9
2101.49136	7.84E-28	0.077	0.74	-0.001963	4271.3871	7	5
2103.269747	3.25E-19	0.064	0.75	-0.0029		211.4041	19	21
2105.1255	9.91E-28	0.074	0.74	-0.001982	4282.7116	9	7
2105.25656	1.46E-23	0.077	0.74	-0.001767	2166.1305	5	7
2107.423222	3.54E-19	0.065	0.75	-0.0028		172.978		17	19
2108.724053	1.15E-27	0.071	0.74	-0.001984	4297.8102	11	9
2109.136154	1.03E-23	0.081	0.75	-0.001499	2154.701	3	5
2111.543014	3.73E-19	0.066	0.75	-0.0028		138.3904	15	17
2112.286871	1.27E-27	0.069	0.74	-0.001981	4316.6824	13	11
2112.981038	5.35E-24	0.087	0.76	-0.001135	2147.0811	1	3
2115.628975	3.79E-19	0.068	0.75	-0.0029		107.6424	13	15
2115.813807	1.32E-27	0.068	0.75	-0.001979	4339.3274	15	13
2119.304715	1.33E-27	0.066	0.75	-0.001982	4365.7443	17	15
2119.680959	3.71E-19	0.069	0.74	-0.0028		80.7354		11	13
2120.566089	5.47E-24	0.087	0.76	-0.001782	2143.2711	3	1
2122.759447	1.30E-27	0.065	0.75	-0.001991	4395.9322	19	17
2123.698818	3.47E-19	0.071	0.74	-0.0028		57.6704		9	11
2124.305963	1.08E-23	0.081	0.75	-0.001908	2147.0811	5	3
2126.177857	1.23E-27	0.064	0.75	-0.002008	4429.8898	21	19
2127.682406	3.05E-19	0.074	0.74	-0.0028		38.4481		7	9
2128.01054	1.56E-23	0.077	0.74	-0.001963	2154.701	7	5
2129.559799	1.12E-27	0.063	0.75	-0.002033	4467.6158	23	21
2131.631576	2.47E-19	0.077	0.74	-0.0024		23.0695		5	7
2131.679673	1.97E-23	0.074	0.74	-0.001982	2166.1305	9	7
2132.905125	1.00E-27	0.062	0.74	-0.002067	4509.1088	25	23
2135.313215	2.29E-23	0.071	0.74	-0.001984	2181.3692	11	9
2135.54618	1.75E-19	0.081	0.75	-0.0023		11.535		3	5
2136.213688	8.74E-28	0.06	0.73	-0.002108	4554.367	27	25
2138.91102	2.51E-23	0.069	0.74	-0.001981	2200.4164	13	11
2139.426073	9.08E-20	0.087	0.76	-0.002		3.845	1	3
2139.485343	7.43E-28	0.059	0.72	-0.002158	4603.3889	29	27
2142.47294	2.63E-23	0.068	0.75	-0.001979	2223.2714	15	13
2142.719943	6.17E-28	0.059	0.71	-0.002215	4656.1724	31	29
2145.917341	5.01E-28	0.058	0.7	-0.00228	4712.7156	33	31
2145.998829	2.64E-23	0.066	0.75	-0.001982	2249.9334	17	15
2147.081134	9.29E-20	0.087	0.76	-0.0008		0		3	1
2149.07739	3.98E-28	0.057	0.69	-0.002352	4773.0161	35	33
2149.48854	2.57E-23	0.065	0.75	-0.001991	2280.4012	19	17
2150.856008	1.83E-19	0.081	0.75	-0.0015		3.845		5	3
2152.199945	3.09E-28	0.056	0.68	-0.002432	4837.0717	37	35
2152.941927	2.42E-23	0.064	0.75	-0.002008	2314.6739	21	19
2154.595583	2.65E-19	0.077	0.74	-0.0021		11.535		7	5
2155.284858	2.35E-28	0.055	0.67	-0.002518	4904.8799	39	37
2156.358842	2.22E-23	0.063	0.75	-0.002033	2352.7499	23	21
2158.299712	3.34E-19	0.074	0.74	-0.002		23.0695		9	7
2158.331984	1.75E-28	0.054	0.67	-0.00261	4976.438	41	39
2159.73914	1.98E-23	0.062	0.74	-0.002067	2394.6279	25	23
2161.341176	1.28E-28	0.053	0.67	-0.002709	5051.7432	43	41
2161.968247	3.88E-19	0.071	0.74	-0.0022		38.4481		11	9
2163.082673	1.72E-23	0.06	0.73	-0.002108	2440.3062	27	25
2164.312288	9.12E-29	0.053	0.67	-0.002814	5130.7926	45	43
2165.601042	4.25E-19	0.069	0.74	-0.0022		57.6704		13	11
2166.389295	1.46E-23	0.059	0.72	-0.002158	2489.7831	29	27
2167.245173	6.39E-29	0.052	0.67	-0.002924	5213.5832	47	45
2169.19795	4.44E-19	0.068	0.75	-0.0022		80.7354	15	13
2169.65886	1.21E-23	0.059	0.71	-0.002215	2543.0567	31	29
2170.139686	4.39E-29	0.051	0.67	-0.00304	5300.1117	49	47
2172.758825	4.47E-19	0.066	0.75	-0.0022		107.6424	17	15
2172.891222	9.78E-24	0.058	0.7	-0.00228	2600.1249	33	31
2172.995681	2.95E-29	0.051	0.67	-0.003161	5390.3747	51	49
2175.813011	1.95E-29	0.05	0.67	-0.003287	5484.3687	53	51
2176.086233	7.74E-24	0.057	0.69	-0.002352	2660.9855	35	33
2176.283519	4.34E-19	0.065	0.75	-0.0023		138.3904	19	17
2178.591531	1.26E-29	0.049	0.67	-0.003418	5582.0901	55	53
2179.243748	6.00E-24	0.056	0.68	-0.002432	2725.6361	37	35
2179.771887	4.08E-19	0.064	0.75	-0.0022		172.978		21	19
2181.331094	7.99E-30	0.049	0.67	-0.003554	5683.5351	57	55
2182.36362	4.55E-24	0.055	0.67	-0.002518	2794.0743	39	37
2183.223781	3.73E-19	0.063	0.75	-0.0022		211.4041	23	21
2184.031555	4.97E-30	0.048	0.67	-0.003694	5788.6996	59	57
2185.445703	3.38E-24	0.054	0.67	-0.00261	2866.2975	41	39
2186.639055	3.32E-19	0.062	0.74	-0.0024		253.6672	25	23
2186.692768	3.03E-30	0.047	0.67	-0.003838	5897.5796	61	59
2188.489851	2.45E-24	0.053	0.67	-0.002709	2942.3028	43	41
2189.314587	1.82E-30	0.047	0.67	-0.003986	6010.1709	63	61
2190.017563	2.88E-19	0.06	0.73	-0.0024		299.7656	27	25
2191.495919	1.75E-24	0.053	0.67	-0.002814	3022.0873	45	43
2191.896867	1.07E-30	0.046	0.67	-0.004138	6126.4691	65	63
2193.359157	2.44E-19	0.059	0.72	-0.0026		349.6975	29	27
2194.439462	6.15E-31	0.046	0.67	-0.004293	6246.4695	67	65
2194.463759	1.22E-24	0.052	0.67	-0.002924	3105.6479	47	45
2196.663693	2.02E-19	0.059	0.71	-0.0024		403.4612	31	29
2196.942226	3.48E-31	0.045	0.67	-0.004452	6370.1677	69	67
2197.393227	8.34E-25	0.051	0.67	-0.00304	3192.9815	49	47
2199.405015	1.93E-31	0.045	0.67	-0.004614	6497.5586	71	69
2199.931023	1.63E-19	0.058	0.7	-0.0026		461.0544	33	31
2200.284176	5.59E-25	0.051	0.67	-0.003161	3284.0846	51	49
2201.827683	1.05E-31	0.044	0.67	-0.004779	6628.6374	73	71
2203.13646	3.67E-25	0.05	0.67	-0.003287	3378.9537	53	51
2203.161001	1.29E-19	0.057	0.69	-0.0028		522.4751	35	33
2205.949934	2.36E-25	0.049	0.67	-0.003418	3477.5851	55	53
2206.353482	9.93E-20	0.056	0.68	-0.0029		587.7209	37	35
2208.724452	1.49E-25	0.049	0.67	-0.003554	3579.9751	57	55
2209.508319	7.50E-20	0.055	0.67	-0.0027		656.7892	39	37
2211.459869	9.25E-26	0.048	0.67	-0.003694	3686.1198	59	57
2212.625365	5.55E-20	0.054	0.67	-0.0026		729.6774	41	39
2214.156039	5.62E-26	0.047	0.67	-0.003838	3796.0149	61	59
2215.704476	4.02E-20	0.053	0.67	-0.003912	806.3828	43	41
2216.812816	3.35E-26	0.047	0.67	-0.003986	3909.6562	63	61
2218.745505	2.86E-20	0.053	0.67	-0.004062	886.9024	45	43
2219.430056	1.96E-26	0.046	0.67	-0.004138	4027.0395	65	63
2221.748306	1.99E-20	0.052	0.67	-0.0042155	971.2332	47	45
2222.007612	1.12E-26	0.046	0.67	-0.004293	4148.1601	67	65
2224.545341	6.31E-27	0.045	0.67	-0.004452	4273.0133	69	67
2224.712734	1.35E-20	0.051	0.67	-0.004533	1059.3718	49	47
2227.043097	3.48E-27	0.045	0.67	-0.004614	4401.5943	71	69
2227.638643	9.02E-21	0.051	0.67	-0.003161	1151.315	51	49
2229.500734	1.89E-27	0.044	0.67	-0.004779	4533.8983	73	71
2230.525888	5.90E-21	0.05	0.67	-0.003287	1247.0592	53	51
2231.918108	1.00E-27	0.044	0.67	-0.004947	4669.92		75	73
2233.374323	3.79E-21	0.049	0.67	-0.003418	1346.6008	55	53
2234.295073	5.22E-28	0.043	0.67	-0.005118	4809.6541	77	75
2236.183803	2.38E-21	0.049	0.67	-0.003554	1449.9359	57	55
2236.631486	2.67E-28	0.043	0.67	-0.005291	4953.0954	79	77
2238.9272	1.34E-28	0.042	0.67	-0.005467	5100.2382	81	79
2238.954182	1.47E-21	0.048	0.67	-0.003694	1557.0607	59	57
2241.182072	6.63E-29	0.042	0.67	-0.005645	5251.0769	83	81
2241.685315	8.87E-22	0.047	0.67	-0.003838	1667.9709	61	59
2243.395957	3.21E-29	0.041	0.67	-0.005826	5405.6056	85	83
2244.377056	5.26E-22	0.047	0.67	-0.003986	1782.6624	63	61
2245.56871	1.52E-29	0.041	0.67	-0.006008	5563.8184	87	85
2247.029262	3.06E-22	0.046	0.67	-0.004138	1901.1308	65	63
2247.700187	7.11E-30	0.04	0.67	-0.006192	5725.709	89	87
2249.641788	1.74E-22	0.046	0.67	-0.004293	2023.3715	67	65
2249.790242	3.26E-30	0.04	0.67	-0.006378	5891.2714	91	89
2251.838733	1.47E-30	0.04	0.67	-0.006566	6060.499	93	91
2252.214487	9.75E-23	0.045	0.67	-0.004452	2149.3799	69	67
2253.845514	6.47E-31	0.039	0.67	-0.006755	6233.3853	95	93
2254.747216	5.35E-23	0.045	0.67	-0.004614	2279.1511	71	69
2255.810441	2.81E-31	0.039	0.67	-0.006946	6409.9236	97	95
2257.239829	2.88E-23	0.044	0.67	-0.004779	2412.6801	73	71
2257.73337	1.20E-31	0.038	0.67	-0.007138	6590.1071	99	97
2259.692183	1.52E-23	0.044	0.67	-0.004947	2549.962	75	73
2262.104132	7.88E-24	0.043	0.67	-0.005118	2690.9913	77	75
2264.475532	4.01E-24	0.043	0.67	-0.005291	2835.7627	79	77
2266.806239	2.00E-24	0.042	0.67	-0.005467	2984.2707	81	79
2269.096108	9.80E-25	0.042	0.67	-0.005645	3136.5095	83	81
2271.344996	4.71E-25	0.041	0.67	-0.005826	3292.4734	85	83
2273.552757	2.22E-25	0.041	0.67	-0.006008	3452.1563	87	85
2275.719249	1.03E-25	0.04	0.67	-0.006192	3615.5521	89	87
2277.844326	4.68E-26	0.04	0.67	-0.006378	3782.6546	91	89
2279.927846	2.09E-26	0.04	0.67	-0.006566	3953.4574	93	91
2281.969664	9.16E-27	0.039	0.67	-0.006755	4127.9539	95	93
2283.969636	3.94E-27	0.039	0.67	-0.006946	4306.1375	97	95
2285.927619	1.67E-27	0.038	0.67	-0.007138	4488.0012	99	97
2287.843469	6.90E-28	0.038	0.67	-0.007331	4673.5381	101	99
2289.717042	2.81E-28	0.038	0.67	-0.007525	4862.7411	103	101
2291.548195	1.12E-28	0.037	0.67	-0.007721	5055.6029	105	103
2293.336784	4.42E-29	0.037	0.67	-0.007917	5252.1162	107	105
2295.082667	1.70E-29	0.037	0.67	-0.008114	5452.2733	109	107
2296.785698	6.45E-30	0.036	0.67	-0.008312	5656.0666	111	109
2298.445736	2.40E-30	0.036	0.67	-0.00851	5863.4883	113	111
2300.062637	8.77E-31	0.036	0.67	-0.008709	6074.5304	115	113
2301.636256	3.15E-31	0.035	0.67	-0.008909	6289.1847	117	115
2303.166452	1.11E-31	0.035	0.67	-0.009108	6507.4431	119	117
